37 27
36 28
28 28
27 29
26 29
25 30
25 32
24 33
24 42
23 43
23 50
22 51
22 57
21 58
21 81
22 82
22 96
23 97
23 114
22 115
22 120
23 121
23 137
22 138
22 153
21 154
21 158
20 159
21 160
21 169
20 170
20 213
21 214
21 229
22 230
22 238
23 239
23 248
24 249
24 252
23 253
23 254
24 255
24 267
25 268
25 281
26 282
26 296
27 297
27 312
28 313
28 325
29 326
29 330
28 331
29 332
29 343
30 344
30 346
33 349
35 349
36 350
38 350
39 351
40 351
41 352
47 352
48 353
58 353
59 352
65 352
66 353
71 353
72 352
80 352
81 351
83 351
84 352
100 352
101 351
116 351
117 350
151 350
152 349
171 349
172 348
173 348
174 349
186 349
188 351
188 393
189 394
189 403
190 404
190 416
191 417
191 441
192 442
192 510
191 511
191 524
190 525
190 531
189 532
189 538
188 539
189 540
189 543
190 544
191 544
192 545
194 545
195 546
196 545
200 545
201 544
203 544
204 543
208 543
209 544
210 543
216 543
217 542
218 542
219 543
220 543
221 544
230 544
231 543
232 543
233 542
234 542
235 541
238 541
239 540
241 540
242 541
251 541
253 539
254 539
254 538
255 537
255 536
256 535
256 533
257 532
257 521
256 520
256 508
255 507
255 495
254 494
254 468
253 467
253 440
252 439
252 419
253 418
253 399
254 398
254 395
253 394
253 391
254 390
254 386
253 385
253 383
254 382
254 360
255 359
254 358
254 355
253 354
253 352
254 351
262 351
263 350
289 350
290 349
291 349
292 350
293 349
305 349
306 348
319 348
320 349
321 349
324 352
328 352
329 353
332 353
333 354
339 354
342 351
342 346
341 345
341 339
340 338
340 312
341 311
341 305
342 304
342 295
343 294
343 291
342 290
342 289
337 284
336 284
334 282
332 282
331 281
311 281
310 282
270 282
269 283
221 283
220 282
220 218
221 217
221 213
222 212
223 212
224 211
238 211
239 210
251 210
252 209
289 209
290 208
300 208
301 207
304 207
305 206
311 206
312 205
328 205
329 204
341 204
342 203
353 203
354 202
361 202
362 201
373 201
374 200
386 200
387 199
402 199
403 198
405 198
406 197
407 197
408 196
408 195
409 194
409 191
410 190
409 189
409 186
408 185
408 183
407 182
407 172
406 171
406 153
407 152
407 151
408 150
408 145
407 144
407 142
405 140
403 140
402 139
398 139
397 138
386 138
385 139
384 138
381 138
380 139
358 139
357 138
326 138
325 139
313 139
312 140
300 140
299 141
287 141
286 142
274 142
273 143
261 143
260 142
252 142
251 141
233 141
232 140
230 140
229 141
204 141
203 142
192 142
191 143
183 143
182 144
175 144
174 143
169 143
168 144
166 144
163 147
163 153
161 155
161 157
160 158
160 163
159 164
159 180
158 181
158 199
159 200
159 202
161 204
162 204
165 207
165 235
166 236
166 239
165 240
165 243
164 244
164 258
163 259
163 262
164 263
164 276
165 277
165 281
164 282
163 282
162 283
158 283
157 282
154 282
153 283
143 283
142 284
136 284
135 285
128 285
127 286
116 286
115 287
100 287
99 288
92 288
91 289
89 289
86 286
86 272
85 271
85 234
84 233
84 213
85 212
85 153
84 152
84 145
83 144
83 124
82 123
82 100
83 99
83 80
84 79
84 61
85 60
85 50
86 49
86 45
87 44
87 38
86 37
86 35
80 29
78 29
77 28
76 28
75 29
71 29
70 28
67 28
66 27
39 27
38 28
