482 286
481 287
480 287
479 287
478 287
477 287
476 287
475 287
474 287
473 288
472 288
471 288
470 288
469 288
468 288
467 288
466 289
465 289
464 289
463 289
462 289
461 289
460 289
459 289
458 290
457 290
456 290
455 290
454 290
453 290
452 290
451 290
450 290
449 290
448 290
447 290
446 290
445 290
444 290
443 290
442 290
441 290
440 290
439 290
438 291
437 291
436 291
435 291
434 291
433 292
432 292
431 292
430 293
430 294
430 295
429 296
429 297
429 298
430 299
430 300
430 301
430 302
430 303
430 304
430 305
430 306
430 307
430 308
430 309
430 310
430 311
430 312
430 313
430 314
430 315
429 316
429 317
429 318
429 319
429 320
429 321
429 322
429 323
429 324
429 325
429 326
429 327
429 328
429 329
430 330
430 331
430 332
430 333
430 334
430 335
430 336
430 337
430 338
430 339
430 340
430 341
430 342
431 343
431 344
431 345
431 346
431 347
431 348
431 349
431 350
432 351
432 352
432 353
432 354
432 355
432 356
432 357
433 358
433 359
433 360
433 361
433 362
433 363
433 364
433 365
433 366
433 367
433 368
433 369
433 370
433 371
433 372
432 373
432 374
433 375
433 376
433 377
432 378
432 379
432 380
432 381
432 382
432 383
432 384
432 385
432 386
432 387
432 388
432 389
432 390
432 391
432 392
432 393
432 394
432 395
432 396
432 397
432 398
432 399
432 400
432 401
432 402
432 403
432 404
432 405
433 406
433 407
433 408
432 409
433 410
433 411
433 412
433 413
433 414
433 415
433 416
432 417
432 418
432 419
432 420
433 421
433 422
432 423
432 424
432 425
432 426
432 427
433 428
433 429
433 430
433 431
433 432
433 433
433 434
433 435
433 436
433 437
433 438
433 439
433 440
432 441
432 442
432 443
432 444
432 445
432 446
432 447
432 448
432 449
432 450
432 451
432 452
432 453
432 454
432 455
432 456
432 457
432 458
432 459
432 460
433 461
433 462
433 463
434 464
434 465
435 465
436 466
437 466
438 467
439 467
440 467
441 468
442 468
443 468
444 468
445 469
446 469
447 469
448 469
449 470
450 471
450 472
450 473
451 474
451 475
451 476
451 477
452 478
453 478
454 478
455 479
456 479
457 479
458 479
459 478
460 478
461 478
462 477
462 476
462 475
462 474
462 473
462 472
462 471
462 470
463 469
464 468
465 468
466 468
467 467
468 467
469 467
470 467
471 466
472 466
473 466
474 466
475 466
476 466
477 466
478 465
479 465
480 465
481 465
482 465
483 465
484 465
485 465
486 465
487 465
488 466
489 466
490 466
491 467
492 467
493 468
494 468
495 468
496 468
497 468
498 468
499 468
500 468
501 468
502 468
503 468
504 468
505 468
506 468
507 467
508 467
509 467
510 467
511 467
512 467
513 466
514 466
515 466
516 466
517 466
518 465
519 465
520 465
521 465
522 464
523 464
524 464
525 464
526 464
527 464
528 464
529 464
530 464
531 464
532 464
533 464
534 464
535 464
536 464
537 464
538 463
539 463
540 463
541 463
542 463
543 463
544 464
545 464
546 464
547 463
548 463
549 463
550 463
551 463
552 463
553 463
554 463
555 462
556 462
557 462
558 462
559 462
560 462
561 462
562 462
563 462
564 462
565 461
566 461
567 461
568 461
569 461
570 461
571 461
572 461
573 461
574 460
575 460
576 460
577 460
578 460
579 460
580 460
581 460
582 460
583 460
584 460
585 460
586 459
587 459
588 459
589 459
590 458
591 458
592 458
593 458
594 458
595 458
596 458
597 458
598 457
599 457
600 457
601 457
602 457
603 457
604 457
605 457
606 457
607 457
608 457
609 457
610 457
611 456
612 456
613 456
614 456
615 456
616 455
617 454
618 453
618 452
618 451
618 450
618 449
618 448
618 447
618 446
617 445
617 444
617 443
617 442
617 441
617 440
617 439
617 438
617 437
617 436
617 435
617 434
617 433
617 432
617 431
617 430
617 429
617 428
617 427
617 426
617 425
617 424
617 423
617 422
617 421
617 420
617 419
617 418
617 417
617 416
617 415
617 414
617 413
617 412
617 411
617 410
616 409
616 408
616 407
616 406
615 405
615 404
614 403
613 402
612 401
611 400
610 400
609 399
608 398
607 398
606 398
605 398
604 398
603 398
602 398
601 399
600 399
599 399
598 399
597 399
596 399
595 399
594 399
593 399
592 399
591 400
590 400
589 400
588 399
587 399
586 399
585 400
584 399
583 400
582 400
581 400
580 400
579 400
578 400
577 400
576 400
575 400
574 400
573 400
572 400
571 400
570 400
569 400
568 400
567 400
566 400
565 401
564 401
563 401
562 401
561 401
560 401
559 402
558 402
557 402
556 402
555 402
554 402
553 402
552 402
551 402
550 402
549 402
548 402
547 402
546 402
545 402
544 402
543 402
542 402
541 402
540 402
539 402
538 403
537 402
536 402
535 402
534 403
533 403
532 403
531 402
530 402
529 403
528 403
527 403
526 403
525 403
524 403
523 403
522 403
521 403
520 403
519 403
518 403
517 403
516 403
515 403
514 403
513 403
512 403
511 403
510 403
509 403
508 403
507 403
506 403
505 403
504 403
503 403
502 403
501 403
500 403
499 403
498 402
498 401
498 400
498 399
498 398
498 397
498 396
498 395
499 394
499 393
499 392
499 391
499 390
499 389
499 388
499 387
499 386
499 385
499 384
499 383
499 382
499 381
499 380
499 379
499 378
499 377
499 376
499 375
500 374
499 373
500 372
500 371
500 370
500 369
500 368
500 367
500 366
500 365
500 364
500 363
500 362
500 361
500 360
500 359
500 358
501 357
501 356
501 355
500 354
500 353
500 352
500 351
500 350
500 349
500 348
500 347
500 346
500 345
501 344
501 343
501 342
501 341
501 340
501 339
501 338
501 337
501 336
501 335
501 334
502 333
502 332
502 331
502 330
502 329
502 328
502 327
502 326
502 325
502 324
503 323
503 322
503 321
503 320
503 319
503 318
503 317
503 316
503 315
504 314
504 313
504 312
504 311
504 310
504 309
504 308
505 307
505 306
505 305
505 304
505 303
505 302
506 301
506 300
506 299
507 298
507 297
507 296
507 295
507 294
507 293
506 292
505 292
504 291
503 290
502 289
501 289
500 288
499 288
498 288
497 287
496 287
495 287
494 287
493 286
492 286
491 286
490 287
489 287
488 287
487 286
486 286
485 286
484 286
483 286
**********
291 28
290 29
289 29
288 29
287 29
286 29
285 29
284 29
283 29
282 29
281 29
280 29
279 29
278 29
277 29
276 29
275 29
274 29
273 29
272 29
271 29
270 29
269 29
268 29
267 29
266 29
265 29
264 29
263 29
262 29
261 29
260 29
259 29
258 29
257 29
256 29
255 29
254 29
253 29
252 29
251 29
250 29
249 29
248 29
247 29
246 29
245 29
244 29
243 29
242 29
241 29
240 29
239 29
238 29
237 29
236 29
235 29
234 29
233 29
232 29
231 29
230 29
229 29
228 29
227 29
226 29
225 29
224 29
223 29
222 29
221 29
220 29
219 29
218 29
217 29
216 30
215 30
214 30
213 30
212 30
211 30
210 30
209 30
208 30
207 30
206 30
205 30
204 30
203 30
202 30
201 30
200 30
199 30
198 30
197 30
196 30
195 30
194 30
193 30
192 30
191 30
190 30
189 30
188 30
187 30
186 30
185 30
184 30
183 30
182 30
181 30
180 30
179 30
178 30
177 30
176 30
175 30
174 30
173 30
172 30
171 30
170 30
169 30
168 31
167 31
166 31
165 31
164 31
163 31
162 31
161 31
160 31
159 31
158 31
157 31
156 31
155 31
154 32
153 32
152 33
151 33
150 34
150 35
150 36
150 37
150 38
150 39
150 40
150 41
151 42
151 43
151 44
152 45
152 46
152 47
152 48
152 49
153 50
153 51
152 52
152 53
152 54
152 55
152 56
152 57
152 58
152 59
152 60
152 61
152 62
152 63
152 64
152 65
153 66
153 67
153 68
153 69
154 70
154 71
153 72
153 73
153 74
154 75
154 76
154 77
155 78
155 79
156 80
156 81
157 82
158 83
159 83
160 83
161 83
162 83
163 84
164 84
165 83
166 84
167 83
168 83
169 83
170 83
171 82
172 82
173 82
174 82
175 82
176 81
177 81
178 81
179 81
180 81
181 80
182 80
183 80
184 80
185 80
186 80
187 80
188 80
189 80
190 80
191 80
192 79
193 79
194 79
195 79
196 79
197 79
198 79
199 80
200 80
201 80
202 80
203 80
204 80
205 80
206 80
207 80
208 80
209 80
210 80
211 80
212 80
213 80
214 80
215 80
216 80
217 80
218 80
219 80
220 80
221 80
222 80
223 80
224 80
225 80
226 80
227 80
228 81
229 81
230 81
231 81
232 81
233 81
234 81
235 81
236 81
237 81
238 81
239 81
240 81
241 81
242 81
243 81
244 81
245 82
246 82
247 82
248 82
249 82
250 82
251 82
252 82
253 82
254 82
255 82
256 82
257 82
258 82
259 82
260 82
261 82
262 82
263 82
264 82
265 82
266 82
267 82
268 82
269 82
270 82
271 82
272 82
273 82
274 82
275 82
276 82
277 82
278 82
279 82
280 82
281 83
282 83
283 83
284 83
285 83
286 83
287 83
288 83
289 83
290 83
291 83
292 83
293 83
294 83
295 83
296 83
297 83
298 83
299 83
300 83
301 83
302 83
303 83
304 83
305 83
306 82
307 83
308 83
309 83
310 83
311 83
312 83
313 83
314 83
315 82
316 82
317 82
318 82
319 82
320 82
321 82
322 82
323 82
324 82
325 82
326 82
327 82
328 82
329 82
330 82
331 82
332 82
333 82
334 82
335 82
336 82
337 82
338 82
339 82
340 82
341 82
342 82
343 82
344 82
345 82
346 82
347 82
348 82
349 82
350 82
351 82
352 82
353 82
354 82
355 82
356 81
357 82
358 82
359 82
360 82
361 82
362 82
363 82
364 82
365 82
366 82
367 82
368 82
369 82
370 82
371 82
372 82
373 82
374 82
375 82
376 82
377 82
378 82
379 82
380 82
381 82
382 82
383 82
384 82
385 82
386 82
387 82
388 82
389 82
390 82
391 82
392 82
393 82
394 82
395 83
396 83
397 83
398 83
399 83
400 83
401 83
402 83
403 83
404 83
405 83
406 83
407 83
408 83
409 83
410 84
411 84
412 84
413 84
414 84
415 84
416 84
417 84
418 84
419 84
420 84
421 84
422 84
423 84
424 84
425 84
426 84
427 84
428 84
429 84
430 85
431 85
432 85
433 85
434 84
435 84
436 84
437 84
438 85
439 85
440 85
441 85
442 85
443 85
444 85
445 85
446 85
447 85
448 85
449 85
450 85
451 85
452 85
453 85
454 85
455 85
456 85
457 85
458 85
459 85
460 85
461 85
462 85
463 85
464 85
465 85
466 85
467 85
468 85
469 85
470 85
471 85
472 85
473 85
474 85
475 85
476 85
477 85
478 85
479 85
480 85
481 85
482 85
483 85
484 85
485 85
486 85
487 85
488 85
489 85
490 86
491 86
492 86
493 86
494 86
495 86
496 86
497 86
498 86
499 86
500 86
501 86
502 86
503 86
504 86
505 87
506 87
507 87
508 87
509 87
510 87
511 87
512 87
513 87
514 87
515 87
516 87
517 87
518 88
519 88
520 87
521 87
522 87
523 87
524 87
525 87
526 88
527 88
528 88
529 88
530 88
531 88
532 88
533 88
534 88
535 88
536 88
537 88
538 88
539 88
540 88
541 87
542 87
543 87
544 87
545 87
546 87
547 87
548 87
549 87
550 87
551 87
552 87
553 87
554 87
555 88
555 89
555 90
555 91
555 92
555 93
556 94
556 95
555 96
555 97
556 98
556 99
556 100
556 101
556 102
556 103
556 104
556 105
556 106
556 107
556 108
556 109
556 110
556 111
556 112
556 113
556 114
556 115
556 116
556 117
556 118
556 119
556 120
556 121
556 122
556 123
556 124
556 125
556 126
556 127
556 128
556 129
556 130
556 131
556 132
556 133
556 134
556 135
556 136
556 137
556 138
556 139
556 140
556 141
556 142
556 143
556 144
556 145
556 146
556 147
556 148
556 149
556 150
556 151
556 152
556 153
556 154
556 155
556 156
556 157
557 158
557 159
557 160
557 161
557 162
557 163
557 164
557 165
557 166
557 167
557 168
557 169
557 170
557 171
557 172
557 173
557 174
557 175
557 176
557 177
557 178
557 179
557 180
557 181
557 182
557 183
557 184
557 185
557 186
557 187
557 188
557 189
557 190
557 191
557 192
557 193
557 194
557 195
557 196
557 197
557 198
557 199
557 200
557 201
557 202
557 203
557 204
557 205
557 206
557 207
557 208
557 209
557 210
557 211
557 212
557 213
557 214
557 215
557 216
557 217
557 218
557 219
557 220
557 221
557 222
557 223
557 224
557 225
557 226
557 227
557 228
557 229
557 230
557 231
557 232
557 233
557 234
557 235
557 236
557 237
557 238
558 239
558 240
558 241
558 242
558 243
558 244
558 245
558 246
558 247
558 248
558 249
558 250
558 251
558 252
558 253
559 254
559 255
559 256
559 257
559 258
559 259
559 260
559 261
559 262
559 263
559 264
559 265
559 266
559 267
559 268
559 269
559 270
559 271
559 272
560 273
560 274
560 275
560 276
560 277
560 278
560 279
560 280
560 281
560 282
560 283
560 284
560 285
560 286
560 287
560 288
560 289
560 290
561 291
561 292
561 293
561 294
561 295
561 296
561 297
561 298
561 299
561 300
562 301
562 302
562 303
562 304
562 305
562 306
562 307
562 308
562 309
562 310
562 311
562 312
562 313
562 314
562 315
562 316
562 317
562 318
562 319
562 320
563 321
563 322
564 323
565 324
566 324
567 324
568 325
569 325
570 324
571 324
572 324
573 325
574 325
575 325
576 326
577 326
578 326
579 326
580 326
581 326
582 325
583 325
584 325
585 325
586 324
587 324
588 324
589 323
590 323
591 323
592 322
593 322
594 322
595 322
596 321
597 321
598 321
599 321
600 321
601 321
602 322
603 322
604 322
605 322
606 321
607 320
608 320
609 319
610 318
611 318
612 318
613 318
614 318
615 318
616 318
617 318
618 317
619 317
620 317
621 317
622 316
623 315
623 314
623 313
623 312
623 311
623 310
623 309
623 308
623 307
622 306
622 305
622 304
622 303
622 302
622 301
622 300
622 299
622 298
622 297
622 296
622 295
622 294
622 293
622 292
622 291
622 290
621 289
621 288
621 287
621 286
621 285
621 284
621 283
621 282
621 281
621 280
621 279
621 278
621 277
620 276
620 275
620 274
620 273
620 272
620 271
620 270
620 269
620 268
619 267
619 266
619 265
619 264
619 263
619 262
619 261
619 260
619 259
619 258
619 257
619 256
619 255
619 254
619 253
619 252
618 251
618 250
618 249
618 248
618 247
618 246
618 245
618 244
618 243
618 242
618 241
617 240
617 239
617 238
617 237
617 236
617 235
617 234
617 233
617 232
617 231
617 230
617 229
616 228
616 227
616 226
616 225
616 224
616 223
616 222
616 221
616 220
616 219
616 218
616 217
616 216
616 215
616 214
616 213
616 212
616 211
616 210
616 209
616 208
616 207
616 206
616 205
616 204
616 203
616 202
616 201
616 200
616 199
616 198
616 197
616 196
616 195
616 194
616 193
616 192
616 191
616 190
616 189
616 188
616 187
616 186
616 185
616 184
616 183
616 182
616 181
616 180
616 179
616 178
616 177
616 176
616 175
616 174
616 173
616 172
616 171
616 170
616 169
616 168
616 167
616 166
616 165
616 164
616 163
617 162
617 161
617 160
617 159
617 158
617 157
616 156
616 155
616 154
616 153
616 152
616 151
616 150
616 149
616 148
616 147
616 146
616 145
616 144
616 143
616 142
616 141
616 140
616 139
616 138
616 137
616 136
616 135
616 134
616 133
616 132
616 131
616 130
616 129
616 128
616 127
616 126
616 125
616 124
616 123
616 122
616 121
617 120
616 119
616 118
616 117
616 116
616 115
616 114
616 113
616 112
616 111
616 110
616 109
616 108
616 107
616 106
616 105
616 104
616 103
616 102
616 101
616 100
616 99
616 98
616 97
616 96
616 95
616 94
616 93
616 92
616 91
616 90
616 89
616 88
616 87
616 86
616 85
616 84
616 83
616 82
616 81
616 80
616 79
616 78
616 77
616 76
616 75
616 74
616 73
616 72
616 71
616 70
616 69
616 68
616 67
616 66
616 65
616 64
616 63
616 62
616 61
616 60
616 59
616 58
616 57
616 56
616 55
616 54
616 53
616 52
616 51
616 50
616 49
616 48
615 47
615 46
615 45
614 44
613 43
612 42
611 41
610 41
609 41
608 40
607 40
606 40
605 39
604 39
603 40
602 40
601 40
600 41
599 41
598 41
597 41
596 42
595 41
594 41
593 41
592 41
591 41
590 41
589 41
588 41
587 41
586 41
585 41
584 42
583 42
582 41
581 41
580 41
579 41
578 41
577 41
576 41
575 41
574 41
573 41
572 41
571 41
570 41
569 41
568 41
567 41
566 41
565 40
564 40
563 40
562 40
561 40
560 40
559 40
558 40
557 40
556 40
555 39
554 39
553 39
552 39
551 39
550 39
549 39
548 39
547 39
546 39
545 38
544 38
543 38
542 38
541 38
540 38
539 38
538 38
537 37
536 37
535 37
534 37
533 37
532 37
531 37
530 37
529 37
528 37
527 37
526 37
525 37
524 37
523 37
522 37
521 37
520 37
519 37
518 37
517 37
516 37
515 37
514 36
513 36
512 36
511 36
510 36
509 36
508 36
507 36
506 36
505 36
504 36
503 36
502 36
501 36
500 36
499 36
498 36
497 36
496 36
495 36
494 36
493 36
492 35
491 35
490 35
489 35
488 35
487 35
486 35
485 35
484 35
483 35
482 34
481 34
480 34
479 34
478 34
477 34
476 34
475 34
474 34
473 34
472 34
471 34
470 34
469 34
468 34
467 34
466 34
465 34
464 34
463 34
462 34
461 34
460 34
459 34
458 34
457 34
456 34
455 34
454 34
453 34
452 34
451 34
450 34
449 34
448 34
447 34
446 34
445 34
444 34
443 34
442 34
441 34
440 34
439 34
438 34
437 34
436 34
435 35
434 35
433 34
432 35
431 35
430 35
429 35
428 35
427 34
426 34
425 34
424 34
423 34
422 34
421 34
420 34
419 34
418 34
417 34
416 34
415 34
414 34
413 34
412 34
411 34
410 34
409 34
408 34
407 34
406 34
405 34
404 33
403 34
402 33
401 33
400 33
399 33
398 33
397 33
396 33
395 33
394 33
393 33
392 33
391 33
390 33
389 33
388 32
387 32
386 32
385 32
384 32
383 32
382 32
381 32
380 32
379 32
378 32
377 31
376 31
375 31
374 31
373 31
372 31
371 31
370 31
369 31
368 31
367 31
366 31
365 31
364 31
363 31
362 30
361 30
360 30
359 30
358 30
357 30
356 30
355 30
354 30
353 30
352 30
351 30
350 30
349 30
348 30
347 29
346 29
345 29
344 29
343 29
342 29
341 29
340 29
339 29
338 29
337 29
336 29
335 29
334 29
333 29
332 29
331 29
330 29
329 29
328 29
327 29
326 28
325 28
324 28
323 28
322 28
321 28
320 28
319 28
318 28
317 28
316 28
315 28
314 28
313 28
312 28
311 28
310 28
309 28
308 28
307 28
306 28
305 28
304 28
303 28
302 28
301 28
300 28
299 28
298 28
297 28
296 28
295 28
294 28
293 28
292 28
**********
37 27
36 28
35 28
34 28
33 28
32 28
31 28
30 28
29 28
28 28
27 29
26 29
25 30
25 31
25 32
24 33
24 34
24 35
24 36
24 37
24 38
24 39
24 40
24 41
24 42
23 43
23 44
23 45
23 46
23 47
23 48
23 49
23 50
22 51
22 52
22 53
22 54
22 55
22 56
22 57
21 58
21 59
21 60
21 61
21 62
21 63
21 64
21 65
21 66
21 67
21 68
21 69
21 70
21 71
21 72
21 73
21 74
21 75
21 76
21 77
21 78
21 79
21 80
21 81
22 82
22 83
22 84
22 85
22 86
22 87
22 88
22 89
22 90
22 91
22 92
22 93
22 94
22 95
22 96
23 97
23 98
23 99
23 100
23 101
23 102
23 103
23 104
23 105
23 106
23 107
23 108
23 109
23 110
23 111
23 112
23 113
23 114
22 115
22 116
22 117
22 118
22 119
22 120
23 121
23 122
23 123
23 124
23 125
23 126
23 127
23 128
23 129
23 130
23 131
23 132
23 133
23 134
23 135
23 136
23 137
22 138
22 139
22 140
22 141
22 142
22 143
22 144
22 145
22 146
22 147
22 148
22 149
22 150
22 151
22 152
22 153
21 154
21 155
21 156
21 157
21 158
20 159
21 160
21 161
21 162
21 163
21 164
21 165
21 166
21 167
21 168
21 169
20 170
20 171
20 172
20 173
20 174
20 175
20 176
20 177
20 178
20 179
20 180
20 181
20 182
20 183
20 184
20 185
20 186
20 187
20 188
20 189
20 190
20 191
20 192
20 193
20 194
20 195
20 196
20 197
20 198
20 199
20 200
20 201
20 202
20 203
20 204
20 205
20 206
20 207
20 208
20 209
20 210
20 211
20 212
20 213
21 214
21 215
21 216
21 217
21 218
21 219
21 220
21 221
21 222
21 223
21 224
21 225
21 226
21 227
21 228
21 229
22 230
22 231
22 232
22 233
22 234
22 235
22 236
22 237
22 238
23 239
23 240
23 241
23 242
23 243
23 244
23 245
23 246
23 247
23 248
24 249
24 250
24 251
24 252
23 253
23 254
24 255
24 256
24 257
24 258
24 259
24 260
24 261
24 262
24 263
24 264
24 265
24 266
24 267
25 268
25 269
25 270
25 271
25 272
25 273
25 274
25 275
25 276
25 277
25 278
25 279
25 280
25 281
26 282
26 283
26 284
26 285
26 286
26 287
26 288
26 289
26 290
26 291
26 292
26 293
26 294
26 295
26 296
27 297
27 298
27 299
27 300
27 301
27 302
27 303
27 304
27 305
27 306
27 307
27 308
27 309
27 310
27 311
27 312
28 313
28 314
28 315
28 316
28 317
28 318
28 319
28 320
28 321
28 322
28 323
28 324
28 325
29 326
29 327
29 328
29 329
29 330
28 331
29 332
29 333
29 334
29 335
29 336
29 337
29 338
29 339
29 340
29 341
29 342
29 343
30 344
30 345
30 346
31 347
32 348
33 349
34 349
35 349
36 350
37 350
38 350
39 351
40 351
41 352
42 352
43 352
44 352
45 352
46 352
47 352
48 353
49 353
50 353
51 353
52 353
53 353
54 353
55 353
56 353
57 353
58 353
59 352
60 352
61 352
62 352
63 352
64 352
65 352
66 353
67 353
68 353
69 353
70 353
71 353
72 352
73 352
74 352
75 352
76 352
77 352
78 352
79 352
80 352
81 351
82 351
83 351
84 352
85 352
86 352
87 352
88 352
89 352
90 352
91 352
92 352
93 352
94 352
95 352
96 352
97 352
98 352
99 352
100 352
101 351
102 351
103 351
104 351
105 351
106 351
107 351
108 351
109 351
110 351
111 351
112 351
113 351
114 351
115 351
116 351
117 350
118 350
119 350
120 350
121 350
122 350
123 350
124 350
125 350
126 350
127 350
128 350
129 350
130 350
131 350
132 350
133 350
134 350
135 350
136 350
137 350
138 350
139 350
140 350
141 350
142 350
143 350
144 350
145 350
146 350
147 350
148 350
149 350
150 350
151 350
152 349
153 349
154 349
155 349
156 349
157 349
158 349
159 349
160 349
161 349
162 349
163 349
164 349
165 349
166 349
167 349
168 349
169 349
170 349
171 349
172 348
173 348
174 349
175 349
176 349
177 349
178 349
179 349
180 349
181 349
182 349
183 349
184 349
185 349
186 349
187 350
188 351
188 352
188 353
188 354
188 355
188 356
188 357
188 358
188 359
188 360
188 361
188 362
188 363
188 364
188 365
188 366
188 367
188 368
188 369
188 370
188 371
188 372
188 373
188 374
188 375
188 376
188 377
188 378
188 379
188 380
188 381
188 382
188 383
188 384
188 385
188 386
188 387
188 388
188 389
188 390
188 391
188 392
188 393
189 394
189 395
189 396
189 397
189 398
189 399
189 400
189 401
189 402
189 403
190 404
190 405
190 406
190 407
190 408
190 409
190 410
190 411
190 412
190 413
190 414
190 415
190 416
191 417
191 418
191 419
191 420
191 421
191 422
191 423
191 424
191 425
191 426
191 427
191 428
191 429
191 430
191 431
191 432
191 433
191 434
191 435
191 436
191 437
191 438
191 439
191 440
191 441
192 442
192 443
192 444
192 445
192 446
192 447
192 448
192 449
192 450
192 451
192 452
192 453
192 454
192 455
192 456
192 457
192 458
192 459
192 460
192 461
192 462
192 463
192 464
192 465
192 466
192 467
192 468
192 469
192 470
192 471
192 472
192 473
192 474
192 475
192 476
192 477
192 478
192 479
192 480
192 481
192 482
192 483
192 484
192 485
192 486
192 487
192 488
192 489
192 490
192 491
192 492
192 493
192 494
192 495
192 496
192 497
192 498
192 499
192 500
192 501
192 502
192 503
192 504
192 505
192 506
192 507
192 508
192 509
192 510
191 511
191 512
191 513
191 514
191 515
191 516
191 517
191 518
191 519
191 520
191 521
191 522
191 523
191 524
190 525
190 526
190 527
190 528
190 529
190 530
190 531
189 532
189 533
189 534
189 535
189 536
189 537
189 538
188 539
189 540
189 541
189 542
189 543
190 544
191 544
192 545
193 545
194 545
195 546
196 545
197 545
198 545
199 545
200 545
201 544
202 544
203 544
204 543
205 543
206 543
207 543
208 543
209 544
210 543
211 543
212 543
213 543
214 543
215 543
216 543
217 542
218 542
219 543
220 543
221 544
222 544
223 544
224 544
225 544
226 544
227 544
228 544
229 544
230 544
231 543
232 543
233 542
234 542
235 541
236 541
237 541
238 541
239 540
240 540
241 540
242 541
243 541
244 541
245 541
246 541
247 541
248 541
249 541
250 541
251 541
252 540
253 539
254 539
254 538
255 537
255 536
256 535
256 534
256 533
257 532
257 531
257 530
257 529
257 528
257 527
257 526
257 525
257 524
257 523
257 522
257 521
256 520
256 519
256 518
256 517
256 516
256 515
256 514
256 513
256 512
256 511
256 510
256 509
256 508
255 507
255 506
255 505
255 504
255 503
255 502
255 501
255 500
255 499
255 498
255 497
255 496
255 495
254 494
254 493
254 492
254 491
254 490
254 489
254 488
254 487
254 486
254 485
254 484
254 483
254 482
254 481
254 480
254 479
254 478
254 477
254 476
254 475
254 474
254 473
254 472
254 471
254 470
254 469
254 468
253 467
253 466
253 465
253 464
253 463
253 462
253 461
253 460
253 459
253 458
253 457
253 456
253 455
253 454
253 453
253 452
253 451
253 450
253 449
253 448
253 447
253 446
253 445
253 444
253 443
253 442
253 441
253 440
252 439
252 438
252 437
252 436
252 435
252 434
252 433
252 432
252 431
252 430
252 429
252 428
252 427
252 426
252 425
252 424
252 423
252 422
252 421
252 420
252 419
253 418
253 417
253 416
253 415
253 414
253 413
253 412
253 411
253 410
253 409
253 408
253 407
253 406
253 405
253 404
253 403
253 402
253 401
253 400
253 399
254 398
254 397
254 396
254 395
253 394
253 393
253 392
253 391
254 390
254 389
254 388
254 387
254 386
253 385
253 384
253 383
254 382
254 381
254 380
254 379
254 378
254 377
254 376
254 375
254 374
254 373
254 372
254 371
254 370
254 369
254 368
254 367
254 366
254 365
254 364
254 363
254 362
254 361
254 360
255 359
254 358
254 357
254 356
254 355
253 354
253 353
253 352
254 351
255 351
256 351
257 351
258 351
259 351
260 351
261 351
262 351
263 350
264 350
265 350
266 350
267 350
268 350
269 350
270 350
271 350
272 350
273 350
274 350
275 350
276 350
277 350
278 350
279 350
280 350
281 350
282 350
283 350
284 350
285 350
286 350
287 350
288 350
289 350
290 349
291 349
292 350
293 349
294 349
295 349
296 349
297 349
298 349
299 349
300 349
301 349
302 349
303 349
304 349
305 349
306 348
307 348
308 348
309 348
310 348
311 348
312 348
313 348
314 348
315 348
316 348
317 348
318 348
319 348
320 349
321 349
322 350
323 351
324 352
325 352
326 352
327 352
328 352
329 353
330 353
331 353
332 353
333 354
334 354
335 354
336 354
337 354
338 354
339 354
340 353
341 352
342 351
342 350
342 349
342 348
342 347
342 346
341 345
341 344
341 343
341 342
341 341
341 340
341 339
340 338
340 337
340 336
340 335
340 334
340 333
340 332
340 331
340 330
340 329
340 328
340 327
340 326
340 325
340 324
340 323
340 322
340 321
340 320
340 319
340 318
340 317
340 316
340 315
340 314
340 313
340 312
341 311
341 310
341 309
341 308
341 307
341 306
341 305
342 304
342 303
342 302
342 301
342 300
342 299
342 298
342 297
342 296
342 295
343 294
343 293
343 292
343 291
342 290
342 289
341 288
340 287
339 286
338 285
337 284
336 284
335 283
334 282
333 282
332 282
331 281
330 281
329 281
328 281
327 281
326 281
325 281
324 281
323 281
322 281
321 281
320 281
319 281
318 281
317 281
316 281
315 281
314 281
313 281
312 281
311 281
310 282
309 282
308 282
307 282
306 282
305 282
304 282
303 282
302 282
301 282
300 282
299 282
298 282
297 282
296 282
295 282
294 282
293 282
292 282
291 282
290 282
289 282
288 282
287 282
286 282
285 282
284 282
283 282
282 282
281 282
280 282
279 282
278 282
277 282
276 282
275 282
274 282
273 282
272 282
271 282
270 282
269 283
268 283
267 283
266 283
265 283
264 283
263 283
262 283
261 283
260 283
259 283
258 283
257 283
256 283
255 283
254 283
253 283
252 283
251 283
250 283
249 283
248 283
247 283
246 283
245 283
244 283
243 283
242 283
241 283
240 283
239 283
238 283
237 283
236 283
235 283
234 283
233 283
232 283
231 283
230 283
229 283
228 283
227 283
226 283
225 283
224 283
223 283
222 283
221 283
220 282
220 281
220 280
220 279
220 278
220 277
220 276
220 275
220 274
220 273
220 272
220 271
220 270
220 269
220 268
220 267
220 266
220 265
220 264
220 263
220 262
220 261
220 260
220 259
220 258
220 257
220 256
220 255
220 254
220 253
220 252
220 251
220 250
220 249
220 248
220 247
220 246
220 245
220 244
220 243
220 242
220 241
220 240
220 239
220 238
220 237
220 236
220 235
220 234
220 233
220 232
220 231
220 230
220 229
220 228
220 227
220 226
220 225
220 224
220 223
220 222
220 221
220 220
220 219
220 218
221 217
221 216
221 215
221 214
221 213
222 212
223 212
224 211
225 211
226 211
227 211
228 211
229 211
230 211
231 211
232 211
233 211
234 211
235 211
236 211
237 211
238 211
239 210
240 210
241 210
242 210
243 210
244 210
245 210
246 210
247 210
248 210
249 210
250 210
251 210
252 209
253 209
254 209
255 209
256 209
257 209
258 209
259 209
260 209
261 209
262 209
263 209
264 209
265 209
266 209
267 209
268 209
269 209
270 209
271 209
272 209
273 209
274 209
275 209
276 209
277 209
278 209
279 209
280 209
281 209
282 209
283 209
284 209
285 209
286 209
287 209
288 209
289 209
290 208
291 208
292 208
293 208
294 208
295 208
296 208
297 208
298 208
299 208
300 208
301 207
302 207
303 207
304 207
305 206
306 206
307 206
308 206
309 206
310 206
311 206
312 205
313 205
314 205
315 205
316 205
317 205
318 205
319 205
320 205
321 205
322 205
323 205
324 205
325 205
326 205
327 205
328 205
329 204
330 204
331 204
332 204
333 204
334 204
335 204
336 204
337 204
338 204
339 204
340 204
341 204
342 203
343 203
344 203
345 203
346 203
347 203
348 203
349 203
350 203
351 203
352 203
353 203
354 202
355 202
356 202
357 202
358 202
359 202
360 202
361 202
362 201
363 201
364 201
365 201
366 201
367 201
368 201
369 201
370 201
371 201
372 201
373 201
374 200
375 200
376 200
377 200
378 200
379 200
380 200
381 200
382 200
383 200
384 200
385 200
386 200
387 199
388 199
389 199
390 199
391 199
392 199
393 199
394 199
395 199
396 199
397 199
398 199
399 199
400 199
401 199
402 199
403 198
404 198
405 198
406 197
407 197
408 196
408 195
409 194
409 193
409 192
409 191
410 190
409 189
409 188
409 187
409 186
408 185
408 184
408 183
407 182
407 181
407 180
407 179
407 178
407 177
407 176
407 175
407 174
407 173
407 172
406 171
406 170
406 169
406 168
406 167
406 166
406 165
406 164
406 163
406 162
406 161
406 160
406 159
406 158
406 157
406 156
406 155
406 154
406 153
407 152
407 151
408 150
408 149
408 148
408 147
408 146
408 145
407 144
407 143
407 142
406 141
405 140
404 140
403 140
402 139
401 139
400 139
399 139
398 139
397 138
396 138
395 138
394 138
393 138
392 138
391 138
390 138
389 138
388 138
387 138
386 138
385 139
384 138
383 138
382 138
381 138
380 139
379 139
378 139
377 139
376 139
375 139
374 139
373 139
372 139
371 139
370 139
369 139
368 139
367 139
366 139
365 139
364 139
363 139
362 139
361 139
360 139
359 139
358 139
357 138
356 138
355 138
354 138
353 138
352 138
351 138
350 138
349 138
348 138
347 138
346 138
345 138
344 138
343 138
342 138
341 138
340 138
339 138
338 138
337 138
336 138
335 138
334 138
333 138
332 138
331 138
330 138
329 138
328 138
327 138
326 138
325 139
324 139
323 139
322 139
321 139
320 139
319 139
318 139
317 139
316 139
315 139
314 139
313 139
312 140
311 140
310 140
309 140
308 140
307 140
306 140
305 140
304 140
303 140
302 140
301 140
300 140
299 141
298 141
297 141
296 141
295 141
294 141
293 141
292 141
291 141
290 141
289 141
288 141
287 141
286 142
285 142
284 142
283 142
282 142
281 142
280 142
279 142
278 142
277 142
276 142
275 142
274 142
273 143
272 143
271 143
270 143
269 143
268 143
267 143
266 143
265 143
264 143
263 143
262 143
261 143
260 142
259 142
258 142
257 142
256 142
255 142
254 142
253 142
252 142
251 141
250 141
249 141
248 141
247 141
246 141
245 141
244 141
243 141
242 141
241 141
240 141
239 141
238 141
237 141
236 141
235 141
234 141
233 141
232 140
231 140
230 140
229 141
228 141
227 141
226 141
225 141
224 141
223 141
222 141
221 141
220 141
219 141
218 141
217 141
216 141
215 141
214 141
213 141
212 141
211 141
210 141
209 141
208 141
207 141
206 141
205 141
204 141
203 142
202 142
201 142
200 142
199 142
198 142
197 142
196 142
195 142
194 142
193 142
192 142
191 143
190 143
189 143
188 143
187 143
186 143
185 143
184 143
183 143
182 144
181 144
180 144
179 144
178 144
177 144
176 144
175 144
174 143
173 143
172 143
171 143
170 143
169 143
168 144
167 144
166 144
165 145
164 146
163 147
163 148
163 149
163 150
163 151
163 152
163 153
162 154
161 155
161 156
161 157
160 158
160 159
160 160
160 161
160 162
160 163
159 164
159 165
159 166
159 167
159 168
159 169
159 170
159 171
159 172
159 173
159 174
159 175
159 176
159 177
159 178
159 179
159 180
158 181
158 182
158 183
158 184
158 185
158 186
158 187
158 188
158 189
158 190
158 191
158 192
158 193
158 194
158 195
158 196
158 197
158 198
158 199
159 200
159 201
159 202
160 203
161 204
162 204
163 205
164 206
165 207
165 208
165 209
165 210
165 211
165 212
165 213
165 214
165 215
165 216
165 217
165 218
165 219
165 220
165 221
165 222
165 223
165 224
165 225
165 226
165 227
165 228
165 229
165 230
165 231
165 232
165 233
165 234
165 235
166 236
166 237
166 238
166 239
165 240
165 241
165 242
165 243
164 244
164 245
164 246
164 247
164 248
164 249
164 250
164 251
164 252
164 253
164 254
164 255
164 256
164 257
164 258
163 259
163 260
163 261
163 262
164 263
164 264
164 265
164 266
164 267
164 268
164 269
164 270
164 271
164 272
164 273
164 274
164 275
164 276
165 277
165 278
165 279
165 280
165 281
164 282
163 282
162 283
161 283
160 283
159 283
158 283
157 282
156 282
155 282
154 282
153 283
152 283
151 283
150 283
149 283
148 283
147 283
146 283
145 283
144 283
143 283
142 284
141 284
140 284
139 284
138 284
137 284
136 284
135 285
134 285
133 285
132 285
131 285
130 285
129 285
128 285
127 286
126 286
125 286
124 286
123 286
122 286
121 286
120 286
119 286
118 286
117 286
116 286
115 287
114 287
113 287
112 287
111 287
110 287
109 287
108 287
107 287
106 287
105 287
104 287
103 287
102 287
101 287
100 287
99 288
98 288
97 288
96 288
95 288
94 288
93 288
92 288
91 289
90 289
89 289
88 288
87 287
86 286
86 285
86 284
86 283
86 282
86 281
86 280
86 279
86 278
86 277
86 276
86 275
86 274
86 273
86 272
85 271
85 270
85 269
85 268
85 267
85 266
85 265
85 264
85 263
85 262
85 261
85 260
85 259
85 258
85 257
85 256
85 255
85 254
85 253
85 252
85 251
85 250
85 249
85 248
85 247
85 246
85 245
85 244
85 243
85 242
85 241
85 240
85 239
85 238
85 237
85 236
85 235
85 234
84 233
84 232
84 231
84 230
84 229
84 228
84 227
84 226
84 225
84 224
84 223
84 222
84 221
84 220
84 219
84 218
84 217
84 216
84 215
84 214
84 213
85 212
85 211
85 210
85 209
85 208
85 207
85 206
85 205
85 204
85 203
85 202
85 201
85 200
85 199
85 198
85 197
85 196
85 195
85 194
85 193
85 192
85 191
85 190
85 189
85 188
85 187
85 186
85 185
85 184
85 183
85 182
85 181
85 180
85 179
85 178
85 177
85 176
85 175
85 174
85 173
85 172
85 171
85 170
85 169
85 168
85 167
85 166
85 165
85 164
85 163
85 162
85 161
85 160
85 159
85 158
85 157
85 156
85 155
85 154
85 153
84 152
84 151
84 150
84 149
84 148
84 147
84 146
84 145
83 144
83 143
83 142
83 141
83 140
83 139
83 138
83 137
83 136
83 135
83 134
83 133
83 132
83 131
83 130
83 129
83 128
83 127
83 126
83 125
83 124
82 123
82 122
82 121
82 120
82 119
82 118
82 117
82 116
82 115
82 114
82 113
82 112
82 111
82 110
82 109
82 108
82 107
82 106
82 105
82 104
82 103
82 102
82 101
82 100
83 99
83 98
83 97
83 96
83 95
83 94
83 93
83 92
83 91
83 90
83 89
83 88
83 87
83 86
83 85
83 84
83 83
83 82
83 81
83 80
84 79
84 78
84 77
84 76
84 75
84 74
84 73
84 72
84 71
84 70
84 69
84 68
84 67
84 66
84 65
84 64
84 63
84 62
84 61
85 60
85 59
85 58
85 57
85 56
85 55
85 54
85 53
85 52
85 51
85 50
86 49
86 48
86 47
86 46
86 45
87 44
87 43
87 42
87 41
87 40
87 39
87 38
86 37
86 36
86 35
85 34
84 33
83 32
82 31
81 30
80 29
79 29
78 29
77 28
76 28
75 29
74 29
73 29
72 29
71 29
70 28
69 28
68 28
67 28
66 27
65 27
64 27
63 27
62 27
61 27
60 27
59 27
58 27
57 27
56 27
55 27
54 27
53 27
52 27
51 27
50 27
49 27
48 27
47 27
46 27
45 27
44 27
43 27
42 27
41 27
40 27
39 27
38 28
**********
